1 0.0
2 0.0
3 0.0010362694300518134
4 0.0007047216349541931
5 0.0003508771929824561
6 0.0006981078353649733
7 0.0014035149924948882
8 0.00140203449800973
9 0.0007017543859649122
10 0.002802985440511195
11 0.00034686090877558104
12 0.0031330123870828147
13 0.0038689702956187983
14 0.003121748178980229
15 0.002440006477505985
16 0.006644586555796322
17 0.005975648610645934
18 0.0066659005706751935
19 0.0041786375743614245
20 0.00631476414573591
21 0.005585831438474839
22 0.0013980037255421623
23 0.013281275386297225
24 0.0048961625149327075
25 0.009820133931042117
26 0.008757462383682746
27 0.011196321013672612
28 0.0031177842381161884
29 0.010539326607094791
30 0.00948896937570381
