0 (1.9468302658486707, 0.0)
1 (3.7901234567901234, 0.0)
2 (5.573170731707317, 0.001350907448468424)
3 (7.390946502057613, 0.0013731562796091244)
4 (8.983739837398375, 0.0020408332917685006)
5 (10.753036437246964, 0.004737145679993598)
6 (12.505133470225873, 0.002750578399262364)
7 (14.402464065708418, 0.0013675228060726428)
8 (15.788617886178862, 0.002036659877800407)
9 (17.880165289256198, 0.002742093324508856)
10 (19.409368635437882, 0.00273224043715847)
11 (21.514644351464437, 0.002073586765403483)
12 (22.776422764227643, 0.006814072437629083)
13 (24.6, 0.011682029495575135)
14 (26.20449897750511, 0.009554483370635851)
15 (27.731160896130348, 0.006857823861651065)
16 (29.462321792260692, 0.011524834918175618)
17 (31.429752066115704, 0.018425524932901616)
18 (32.80165289256198, 0.009602287567549448)
19 (34.70247933884298, 0.010225444477646577)
20 (36.29278350515464, 0.017097697425151544)
21 (38.09465020576132, 0.025336386656639148)
22 (39.67219917012448, 0.015743796535837847)
23 (41.19836400817996, 0.015034547563259101)
24 (42.72874493927125, 0.027123293732439546)
25 (44.21632653061224, 0.01573007026219112)
26 (45.885714285714286, 0.012985223712132713)
27 (47.46201232032854, 0.02189018300961614)
28 (49.322381930184804, 0.0158104176540407)
29 (50.864754098360656, 0.0273224043715847)
