1 0.0
2 0.0
3 0.0
4 0.0
5 0.0006872852233676976
6 0.0006844626967830253
7 0.00204220747603745
8 0.0006802721088435375
9 0.000676132521974307
10 0.0034140594823457086
11 0.0006844626967830253
12 0.0006816632583503749
13 0.002044989775051125
14 0.0013633265167007499
15 0.006843224380336845
16 0.00340002599242048
17 0.001360544217687075
18 0.0034125240896429264
19 0.004801220625142597
20 0.005452046298391626
21 0.004756551626185956
22 0.005450540872086539
23 0.007520691349315327
24 0.008191156853935101
25 0.008891025208572264
26 0.010221219042236577
27 0.011585578790037576
28 0.012258923484330773
29 0.006822439120575767
30 0.011595259646652588
