1 0.0
2 0.0
3 0.0
4 0.0
5 0.0007241129616220131
6 0.00024084778420038535
7 0.001195258105714168
8 0.0011976684746623303
9 0.0002384358607534573
10 0.0012032734286903351
11 0.0018966373133039803
12 0.0004765308553728854
13 0.0004813477737665463
14 0.004052919436630801
15 0.002842347883756438
16 0.0002364066193853428
17 0.00285394761517356
18 0.0033557944607697124
19 0.002150370396996892
20 0.002136328215281343
21 0.006397194046078092
22 0.0040734865265945365
23 0.002153453610884236
24 0.002404420359678332
25 0.003368836207942335
26 0.006677590424941235
27 0.007138122337700985
28 0.006945561094138036
29 0.004543816376916678
30 0.010287907274319351
